 1660  1780   102   110    80
   40  2400     2   160    80
 3380  1952   190  1952    80
    0  2400     0    80    80
   80  2400     4    80    80
  120  2400     6    80    80
 2340  2220   124   144    80
   40  2400     2   160    80
    0     0     0     0     0

 2400    40   160     2    80
 1640  2280    86   150    80
 4000     0   240     0    80
 1680  1980    84    66    80
  580  2100    34    70    80
 2020  1980   108    66    80
 2120  1880   118   122    80
 1800  2100   100   132    80
    0     0     0     0     0

 2400    80   160     4    80
 3050  2180   122   122    80
 4000     0   160     0    80
 3050  3160   140   122    80
  750  3740    38   148    80
 3070  3580   128   130    80
 2400  2700    96   108    80
 1900  3000    76   120    80
    0     0     0     0     0

 2400   120    80     6    80
 2680  3080   104   154    80
 4000     0   160     0    80
 2640  3300    88   110    80
 1200  2760    40    92    80
 2680  4320   100   140    80
 2840  3120   108   104    80
 2120  3970    80   190    80
    0     0     0     0     0

 2400     0   160     0    80
 3800  1160   152    62    80
 4000     0   160     0    80
 3470  2560   164    98    80
 1520  2780    88   108    80
 3900  2800   164   100    80
 2400  2750    96   110    80
 2850  2250   114    90    80
    0     0     0     0     0

 2400   160   160     8    80
 3450  2160   138   108    80
 4000     0   160     0    80
 3550  3120   166   104    80
 1640  3060    96   102    80
 4080  3440   172   104    80
 3350  2920   134   130    80
 3100  2910   124   132    80
    0     0     0     0     0

 1938  2640  1938   132    80
  138  4800   138   240    80
 3974   828  3974   828    80
  132  4800   132   160    80
  102  4740   102   158    80
  168  4800   168   160    80
 2724  4390  2724  4390    80
   18  4800    18   240    80
    0     0     0     0     0

 2400     0    80     0    80
 3960  1500   158    76    80
 4000   112   160   112    80
 3900  2000   130    74    80
 1620  1840    54    70    80
 3820  2640   154    96    80
 2700  2860   102   110    80
 2880  2000   112    80    80
    0     0     0     0     0

    0     0     0     0     0
    0     0     0     0     0
    0     0     0     0     0
    0     0     0     0     0
    0     0     0     0     0
    0     0     0     0     0
    0     0     0     0     0
    0     0     0     0     0
    0     0     0     0     0
